 02110
 02779
 06228
 06948
 07301
 09707
 10001
 10002
 10103
 10104
 10111
 10112
 10215
 10216
 11003
 11004
 11005
 11006
 11007
 11008
 11009
 11010
 11013
 11014
 11015
 11016
 11018
 11019
 11020
 11021
 11022
 11023
 11024
 11025
 11026
 11027
 11028
 11029
 11030
 11033
 11034
 11035
 11036
 11037
 11038
 11039
 11040
 11041
 11042
 11043
 11044
 11045
 11046
 11047
 11048
 11049
 11050
 11051
 11052
 11055
 11056
 11057
 11058
 11059
 11060
 11061
 11062
 11063
 11064
 11065
 11066
 11067
 11068
 11069
 11070
 11071
 11072
 11077
 11078
 11087
 11088
 11089
 11090
 11091
 11092
 11093
 11094
 11095
 11096
 11097
 11098
 11103
 11104
 11105
 11106
 11107
 11108
 11109
 11110
 11123
 11124
 11125
 11126
 11203
 11204
 11265
 11266
 11271
 11272
 11301
 11302
 11303
 11304
 11401
 11402
 11403
 11404
 11405
 11406
 11423
 11424
 11447
 11448
 11449
 11450
 11451
 11452
 11453
 11454
 11463
 11464
 11465
 11466
 11471
 11472
 11651
 11652
 11701
 11702
 11703
 11704
 12101
 12102
 12103
 12104
 12105
 12106
 12107
 12108
 12109
 12110
 12111
 12112
 12115
 12116
 12117
 12118
 12121
 12122
 12123
 12124
 12125
 12126
 12127
 12128
 12129
 12130
 12131
 12132
 12133
 12134
 12135
 12136
 12137
 12138
 12139
 12140
 12141
 12142
 12143
 12145
 12146
 12147
 12148
 12149
 12150
 12151
 12152
 12153
 12154
 12155
 12156
 12157
 12158
 12159
 12160
 12161
 12162
 12163
 12164
 12165
 12166
 12167
 12168
 12169
 12170
 12171
 12172
 12173
 12174
 12175
 12176
 12177
 12178
 12179
 12180
 12181
 12182
 12183
 12184
 12185
 12186
 12189
 12190
 12191
 12192
 12195
 12196
 12197
 12198
 12203
 12205
 12206
 12217
 12218
 12225
 12226
 12229
 12230
 12231
 12232
 12233
 12234
 12237
 12238
 12241
 12242
 12248
 12249
 12250
 12251
 12252
 12253
 12254
 12255
 12256
 12258
 12279
 12280
 12287
 12288
 12291
 12292
 12295
 12296
 12303
 12304
 12307
 12308
 12311
 12312
 12315
 12316
 12317
 12318
 12319
 12320
 12321
 12322
 12323
 12324
 12325
 12326
 12327
 12328
 12329
 12330
 12331
 12332
 12333
 12334
 12335
 12336
 12337
 12338
 12339
 12340
 12341
 12342
 12343
 12344
 12345
 12346
 12347
 12348
 12349
 12350
 12351
 12352
 12353
 12354
 12355
 12356
 12357
 12358
 12361
 12362
 12363
 12364
 12367
 12368
 12369
 12370
 12371
 12372
 12373
 12374
 12375
 12376
 12377
 12378
 12379
 12380
 12381
 12382
 12383
 12384
 12385
 12386
 12389
 12390
 12391
 12392
 12393
 12394
 12395
 12396
 12397
 12398
 12401
 12402
 12403
 12404
 12405
 12406
 12409
 12410
 12413
 12414
 12415
 12416
 12417
 12418
 12419
 12420
 12421
 12422
 12427
 12428
 12443
 12444
 12445
 12446
 12447
 12448
 12449
 12450
 12451
 12452
 12455
 12456
 12457
 12458
 12459
 12460
 12461
 12462
 12463
 12464
 12465
 12466
 12467
 12468
 12469
 12470
 12471
 12472
 12473
 12474
 12475
 12476
 12477
 12478
 12479
 12480
 12481
 12482
 12483
 12484
 12485
 12486
 12487
 12488
 12489
 12490
 12491
 12492
 12495
 12496
 12497
 12498
 12501
 12502
 12505
 12506
 12507
 12508
 12509
 12510
 12511
 12512
 12513
 12514
 12515
 12516
 12519
 12520
 12521
 12522
 12523
 12524
 12525
 12526
 12531
 12532
 12533
 12534
 12537
 12538
 12539
 12540
 12541
 12542
 12543
 12547
 12548
 12549
 12550
 12553
 12554
 12555
 12556
 12557
 12558
 12559
 12560
 12561
 12562
 12565
 12566
 12567
 12568
 12577
 12578
 12587
 12588
 12589
 12590
 12591
 12592
 12601
 12602
 12603
 12604
 12605
 12606
 12607
 12608
 12609
 12610
 12613
 12614
 12615
 12616
 12617
 12618
 12619
 12620
 12621
 12622
 12623
 12624
 12625
 12626
 12627
 12628
 12629
 12630
 12631
 12632
 12633
 12634
 12635
 12636
 12637
 12638
 12639
 12640
 12641
 12642
 12643
 12644
 12645
 12646
 12647
 12648
 12649
 12650
 12651
 12652
 12655
 12656
 12657
 12658
 12659
 12660
 12661
 12662
 12663
 12664
 12665
 12666
 12667
 12668
 12669
 12670
 12671
 12672
 12673
 12674
 12675
 12676
 12677
 12678
 12679
 12680
 12681
 12682
 12683
 12684
 12685
 12686
 12687
 12688
 12689
 12690
 12691
 12692
 12693
 12694
 12695
 12696
 12697
 12698
 12701
 12702
 12703
 12704
 12705
 12706
 12707
 12708
 12709
 12710
 12711
 12712
 12713
 12714
 12715
 12716
 12717
 12718
 12719
 12720
 12721
 12722
 12723
 12724
 12725
 12726
 12727
 12728
 12729
 12730
 12731
 12732
 12733
 12734
 12737
 12738
 12741
 12742
 12747
 12748
 12751
 12752
 12759
 12760
 12761
 12762
 12763
 12764
 12765
 12766
 12767
 12768
 12769
 12770
 12771
 12772
 12773
 12774
 12775
 12776
 12777
 12778
 12779
 12780
 12781
 12782
 12785
 12786
 12791
 12792
 12797
 12798
 12801
 12802
 12803
 12804
 12805
 12806
 12807
 12808
 12809
 12810
 12811
 12812
 12813
 12814
 12815
 12816
 12817
 12818
 12819
 12820
 12821
 12822
 12823
 12824
 12825
 12826
 12827
 12828
 12829
 12830
 12833
 12834
 12835
 12836
 12837
 12838
 12839
 12840
 12841
 12842
 12843
 12844
 12845
 12846
 12849
 12850
 12851
 12852
 12853
 12854
 12855
 12856
 12857
 12858
 12859
 12860
 12861
 12863
 12864
 12865
 12866
 12867
 12868
 12869
 12870
 12871
 12872
 12873
 12874
 12875
 12876
 12879
 12880
 12883
 12884
 12885
 12886
 12887
 12888
 12889
 12890
 12891
 12892
 12893
 12894
 12895
 12896
 12897
 12898
 12901
 12902
 12903
 12904
 12905
 12906
 12907
 12908
 12911
 12912
 12915
 12916
 12917
 12918
 12919
 12920
 12921
 12922
 12923
 12924
 12925
 12926
 12927
 12928
 12931
 12932
 12933
 12934
 12935
 12936
 12937
 12938
 12939
 12940
 12941
 12942
 12943
 12944
 12947
 12948
 12949
 12950
 12955
 12956
 12959
 12960
 12961
 12962
 12963
 12964
 12967
 12968
 12969
 12970
 12971
 12972
 12973
 12974
 12975
 12976
 12977
 12978
 12979
 12980
 12981
 12982
 12985
 12986
 12987
 12988
 12989
 12990
 12991
 12992
 12993
 12994
 12995
 12996
 12997
 12998
 13005
 13006
 13007
 13008
 13009
 13010
 13011
 13012
 13015
 13016
 13017
 13018
 13019
 13020
 13021
 13022
 13023
 13024
 13025
 13026
 13027
 13028
 13039
 13049
 13050
 13051
 13052
 13053
 13054
 13071
 13072
 13103
 13104
 13105
 13106
 13111
 13112
 13113
 13114
 13117
 13118
 13133
 13134
 13135
 13136
 13137
 13138
 13141
 13142
 13145
 13146
 13147
 13148
 13149
 13150
 13151
 13152
 13153
 13154
 13155
 13156
 13157
 13158
 13159
 13160
 13161
 13162
 13163
 13164
 13185
 13186
 13187
 13188
 13201
 13202
 13225
 13226
 13233
 13234
 13235
 13236
 13237
 13238
 13239
 13240
 13241
 13242
 13245
 13246
 13247
 13248
 13251
 13252
 13287
 13288
 13301
 13302
 13307
 13308
 13329
 13330
 13331
 13332
 13345
 13346
 13347
 13348
 13351
 13352
 13401
 13402
 13403
 13404
 13413
 13414
 13415
 13416
 13417
 13418
 13419
 13420
 13423
 13424
 13425
 13426
 13465
 13466
 13483
 13484
 13507
 13508
 13509
 13510
 13511
 13512
 14001
 14002
 14003
 14004
 14005
 14006
 14007
 14008
 14009
 14010
 14011
 14012
 14013
 14014
 14015
 14016
 14017
 14018
 14020
 14033
 14034
 14035
 14036
 14037
 14038
 14041
 14042
 14043
 14044
 14055
 14056
 14095
 14096
 14114
 14115
 14116
 14119
 14120
 14163
 14164
 14203
 14204
 14205
 14206
 14207
 14208
 14209
 14210
 14211
 14212
 14213
 14214
 14215
 14216
 14217
 14218
 14219
 14220
 14227
 14228
 14235
 14236
 14257
 14258
 14259
 14260
 14265
 14266
 14307
 14309
 14310
 14311
 14312
 14313
 14314
 14315
 14316
 14317
 14318
 14321
 14322
 14323
 14324
 14369
 14370
 14511
 14512
 14519
 14520
 14521
 14522
 14523
 14524
 14525
 14526
 14553
 14554
 14555
 14556
 14605
 14606
 14609
 14610
 14625
 14626
 14631
 14632
 14645
 14646
 14649
 14650
 14659
 14660
 14662
 14673
 14674
 14681
 14682
 14705
 14706
 14707
 14708
 14709
 14710
 14711
 14712
 14723
 14724
 14731
 14732
 14801
 14802
 14807
 14808
 14809
 14810
 14853
 14854
 14863
 14864
 14865
 14866
 14887
 14888
 14889
 15001
 15002
 15003
 15004
 15005
 15006
 15007
 15008
 15009
 15010
 15011
 15012
 15013
 15014
 15015
 15016
 15017
 15018
 15021
 15022
 15023
 15024
 15025
 15026
 15027
 15028
 15033
 15034
 15035
 15036
 15045
 15046
 15047
 15048
 15049
 15050
 15051
 15052
 15097
 15098
 15103
 15104
 15107
 15108
 15109
 15110
 15111
 15112
 15203
 15204
 15227
 15228
 15229
 15230
 15233
 15234
 15235
 15236
 15273
 15274
 15279
 15280
 15281
 15282
 15307
 15308
 15315
 15316
 15469
 15470
 15471
 15472
 15483
 15484
 15603
 15604
 15605
 15606
 15609
 15610
 15611
 15619
 15620
 15621
 15622
 15629
 15630
 15631
 15632
 15635
 15636
 15639
 15640
 15643
 15644
 15645
 15646
 15647
 15648
 15651
 15652
 15653
 15654
 15657
 15658
 15661
 15662
 15665
 15666
 15667
 15668
 15669
 15670
 15691
 15692
 15693
 15694
 15695
 15696
 15707
 15708
 15713
 15714
 15715
 15716
 15719
 15720
 15721
 15722
 15723
 15724
 15813
 15814
 15817
 15818
 15901
 15902
 15903
 15904
 15905
 15906
 15927
 15928
 15929
 15930
 15933
 15934
 15941
 15942
 15959
 15960
 16001
 16002
 16021
 16022
 16031
 16032
 16041
 16042
 16053
 16054
 16057
 16058
 16093
 16094
 16101
 16102
 16105
 16106
 16125
 16126
 16127
 16128
 16129
 16130
 16175
 16176
 16177
 16178
 16179
 16180
 16181
 16182
 16183
 16184
 16185
 16186
 16187
 16188
 16201
 16202
 16203
 16204
 16205
 16206
 16209
 16210
 16215
 16216
 16217
 16218
 16227
 16228
 16231
 16232
 16235
 16236
 16301
 16302
 16303
 16304
 16305
 16306
 16307
 16308
 16309
 16310
 16311
 16312
 16313
 16314
 16315
 16316
 16317
 16318
 16321
 16322
 16323
 16324
 16325
 16326
 16327
 16328
 16331
 16332
 16333
 16334
 16335
 16336
 16337
 16338
 16339
 16340
 16341
 16342
 16343
 16344
 16345
 16346
 16347
 16348
 16349
 16350
 16351
 16352
 16359
 16360
 16381
 16382
 16501
 16502
 16505
 16506
 16507
 16508
 16515
 16516
 16517
 16518
 16523
 16524
 16525
 16526
 16527
 16528
 16531
 16532
 16533
 16534
 16535
 16536
 16537
 16538
 16557
 16558
 16561
 16562
 16565
 16566
 16571
 16572
 16589
 16590
 16591
 16592
 16593
 16594
 16603
 16604
 16605
 16606
 16609
 16610
 16611
 16612
 16613
 16614
 16615
 16616
 16617
 16618
 16627
 16628
 16629
 16630
 16649
 16650
 16669
 16670
 16687
 16688
 16713
 16714
 16723
 16724
 16733
 16734
 16779
 16780
 16787
 16853
 16854
 16855
 16856
 16857
 16858
 16859
 16860
 16861
 16862
 17001
 17002
 17005
 17006
 17007
 17008
 17013
 17014
 17015
 17016
 17017
 17018
 17019
 17020
 17023
 17024
 17031
 17032
 17035
 17036
 17037
 17038
 17049
 17050
 17057
 17058
 17063
 17064
 17201
 17202
 17203
 17204
 17205
 17206
 17207
 17208
 17209
 17210
 17211
 17212
 17213
 17214
 17223
 17224
 17225
 17226
 17229
 17230
 17233
 17234
 17239
 17240
 17255
 17256
 17301
 17302
 17305
 17307
 17308
 17309
 17310
 17311
 17312
 17313
 17314
 17315
 17316
 17317
 17318
 17319
 17320
 17401
 17402
 17404
 17405
 17406
 17407
 17408
 17411
 17412
 17415
 17416
 17429
 17430
 17479
 17480
 17481
 17482
 17487
 17488
 17603
 17604
 17609
 17610
 17613
 17614
 17615
 17616
 17617
 17618
 17639
 17640
 17643
 17644
 17651
 17652
 17688
 18001
 18002
 18005
 18006
 18009
 18010
 18029
 18030
 18047
 18048
 18101
 18103
 18104
 18105
 18106
 18107
 18108
 18109
 18110
 18181
 18182
 18183
 18184
 18189
 18191
 18192
 18201
 18202
 18203
 18204
 18205
 18206
 18207
 18208
 18209
 18210
 18211
 18212
 18233
 18234
 18237
 18238
 18239
 18240
 18301
 18302
 18303
 18304
 18309
 18310
 18311
 18312
 18401
 18402
 18403
 18404
 18405
 18406
 18407
 18408
 18409
 18410
 18411
 18412
 18413
 18414
 18415
 18416
 18417
 18418
 18419
 18420
 18425
 18426
 18437
 18438
 18447
 18448
 18449
 18450
 18451
 18452
 18463
 18464
 18473
 18474
 18477
 18478
 18495
 18496
 18507
 18508
 18509
 18510
 18517
 18518
 18519
 18520
 18603
 18604
 18605
 18606
 18609
 18610
 18611
 18612
 18615
 18616
 18617
 18618
 18619
 18620
 18621
 18622
 18623
 18624
 18625
 18626
 18627
 18628
 18631
 18632
 18645
 18646
 19005
 19006
 19011
 19012
 19017
 19018
 19019
 19020
 19023
 19024
 19025
 19026
 19027
 19028
 19029
 19030
 19037
 19038
 19039
 19040
 19045
 19046
 19047
 19048
 19049
 19050
 19051
 19052
 19053
 19054
 19055
 19056
 19057
 19058
 19059
 19060
 19065
 19066
 19105
 19106
 19107
 19108
 19109
 19110
 19115
 19116
 19129
 19130
 19131
 19132
 19143
 19144
 19165
 19166
 19167
 19168
 19201
 19202
 19215
 19216
 19221
 19222
 19223
 19224
 19225
 19226
 19251
 19252
 19259
 19260
 19261
 19262
 19263
 19264
 19269
 19270
 19301
 19302
 19309
 19310
 19311
 19312
 19313
 19314
 19321
 19322
 19323
 19324
 19325
 19326
 19327
 19328
 19329
 19330
 19403
 19404
 19405
 19406
 19407
 19408
 19409
 19410
 19411
 19412
 19413
 19414
 19451
 19452
 19565
 19566
 19567
 19568
 19569
 19570
 19573
 19574
 19575
 19576
 19577
 19578
 19601
 19602
 19607
 19608
 19609
 19610
 19611
 19612
 19613
 19614
 19653
 19654
 19659
 19660
 19665
 19666
 19707
 19708
 19709
 19710
 19711
 19712
 19713
 19714
 19801
 19802
 19943
 19944
 21028
 21068
 21107
 21108
 21125
 21126
 22101
 22102
 22103
 22104
 22105
 22106
 22107
 22108
 22111
 22112
 22131
 22132
 22133
 22134
 22149
 22150
 22161
 22162
 22181
 22182
 22183
 22184
 22185
 22186
 22187
 22188
 22308
 22309
 22310
 22387
 22388
 22401
 22402
 22403
 22404
 22447
 22451
 22452
 22453
 22454
 22455
 22456
 22457
 22458
 22464
 22471
 22472
 22473
 22474
 22475
 22476
 22481
 22482
 22601
 22602
 22603
 22604
 22605
 22606
 22607
 22608
 22609
 22610
 22611
 22612
 22613
 22614
 22615
 22616
 22617
 22618
 22619
 22620
 22621
 22622
 22623
 22624
 22625
 22626
 22627
 22628
 22629
 22630
 22681
 22682
 22688
 22801
 22802
 22803
 22804
 22805
 22806
 22815
 22816
 22817
 22818
 22825
 22826
 22827
 22828
 22829
 22830
 22831
 22832
 22835
 22836
 22843
 22844
 22845
 22846
 22847
 22848
 22849
 22850
 22851
 22852
 22853
 22854
 22855
 22856
 22859
 22860
 22865
 22866
 22869
 22870
 22871
 22872
 22873
 22874
 22877
 22878
 22879
 22880
 22881
 22882
 22889
 22890
 22893
 22894
 22901
 22902
 22903
 22904
 22905
 22907
 22908
 22909
 22910
 22911
 22912
 22917
 22918
 22926
 22981
 22982
 22996
 23010
 23111
 23112
 23142
 23154
 23225
 23226
 23346
 23348
 24033
 24034
 24042
 24227
 24228
 24369
 24370
 24512
 24887
 24888
 25014
 25036
 25610
 25631
 25715
 28182
 28624
 29020
 29059
 29060
 52228
 52453
 52454
 52455
 52456
 55322
 56101
 59230
 59460
 83112
 84369